63
6
38
10
63
63
20
32
63
15
2
63
63
42
2
10
32
62
32
32
2
63
14
63
63
63
63
3
2
38
20
0
40
20
38
63
6
0
20
38
63
63
3
2
56
2
63
63
58
56
63
38
42
44
2
42
42
6
40
63
0
63
27
26
20
3
38
6
40
56
0
20
20
63
63
33
63
33
0
29
58
4
24
2
22
52
51
58
30
52
63
20
2
14
51
58
49
51
50
63
24
51
62
8
43
21
4
49
2
64
6
60
62
60
57
22
24
8
2
29
2
15
63
4
24
31
14
51
62
52
62
23
24
24
4
51
56
62
38
56
63
49
56
16
24
22
51
58
22
63
32
4
46
34
62
62
62
62
53
59
4
58
58
58
58
58
38
14
38
38
38
56
2
58
58
38
36
58
38
2
6
38
2
62
58
58
58
38
2
26
58
38
0
2
63
58
20
2
56
63
38
58
38
6
6
63
2
58
58
38
58
2
38
10
26
6
63
38
38
58
38
14
26
58
17
2
38
63
63
58
38
38
58
2
63
58
14
0
14
58
64
2
38
14
62
0
51
4
38
38
42
64
38
2
54
16
23
64
18
7
64
12
42
6
38
14
16
58
19
3
52
34
6
14
58
64
58
38
6
42
64
6
2
38
42
58
38
29
17
3
38
58
18
56
0
14
58
64
2
38
42
26
6
64
23
32
26
38
64
14
58
55
62
13
64
42
38
2
64
58
